test



035;295;304;400;445;529;736;833;895;918;941;



202;322;423;445;480;529;577;680;704;734;738;853;



019;050;202;284;400;423;430;480;481;503;529;538;561;577;636;680;704;734;783;833;853;895;918;



049;091;092;106;149;224;235;257;444;543;710;734;755;761;927;



061;086;106;109;165;224;433;444;543;694;761;834;858;927;



098;142;286;316;398;407;504;505;560;616;



018;091;092;106;186;245;285;286;407;434;504;505;611;616;624;638;753;858;



684;051;631;



051;609;747;484;



050;051;079;102;103;271;400;430;531;561;619;636;684;783;790;886;



609;747;484;214;143;108;790;886;



020;061;082;109;165;211;418;635;834;887;908;922;



108;143;177;182;211;291;418;536;562;576;604;635;702;837;922;980;



016;081;098;109;111;142;286;398;507;576;588;781;



081;097;111;172;179;182;213;291;435;491;507;576;588;781;



097;178;491;507;623;700;740;768;



287;484;



231;525;287;



143;151;181;214;230;232;250;581;608;747;



010;145;151;218;230;232;250;287;301;581;743;846;936;



177;182;249;508;592;702;936;980;



005;010;226;249;250;300;301;408;495;592;729;743;759;892;936;989;



077;097;172;179;182;213;410;435;491;500;592;593;850;



077;179;213;275;297;410;593;686;729;778;844;892;921;992;



046;090;171;178;213;420;491;593;681;740;768;915;



090;171;297;309;420;426;593;740;778;857;915;



280;475;



499;905;946;



052;152;233;399;408;475;499;599;743;893;905;946;



005;010;145;152;233;300;301;399;403;408;499;743;759;846;905;934;946;



005;010;216;226;233;265;300;312;403;408;495;584;729;743;759;934;989;



